0	0
1	1
2	2
3	3
4	4
4	109
4	767
4	1518
4	1719
4	2206
4	2651
4	2938
5	5
6	6
7	7
8	8
9	9
10	10
11	11
12	12
12	900
12	1461
12	2420
12	2767
13	13
13	412
14	14
15	15
16	16
17	17
17	2247
18	18
19	19
20	20
20	1045
21	21
22	22
22	109
23	23
24	24
25	25
26	26
26	1671
27	27
28	28
28	2836
29	29
30	30
30	108
30	952
30	1373
30	1501
31	31
32	32
32	309
32	1218
32	1435
32	2889
33	33
33	2339
34	34
34	231
34	294
34	583
34	1900
34	2176
35	35
35	337
35	2863
36	36
37	37
37	2801
38	38
39	39
39	1946
39	2405
40	40
41	41
41	1923
42	42
43	43
44	44
44	557
44	1201
45	45
45	1671
46	46
47	47
48	48
49	49
50	50
50	2348
51	51
52	52
52	219
52	633
52	1256
52	1376
52	1730
52	2206
52	2381
52	2767
52	2834
53	53
53	1507
54	54
54	512
54	568
54	1111
54	1158
54	1630
54	2414
54	2864
55	55
56	56
57	57
57	293
57	968
57	1521
57	2129
57	2141
57	2358
58	58
59	59
59	479
60	60
61	61
62	62
62	503
62	1446
62	1826
62	2609
63	63
64	64
64	2302
65	65
66	66
67	67
67	396
67	2767
67	2971
68	68
68	888
69	69
69	70
70	69
70	70
70	304
70	1501
71	71
72	72
73	73
73	568
73	1111
73	1826
73	1857
74	74
75	75
76	76
76	125
77	77
77	221
77	2915
78	78
78	1921
78	2099
79	79
80	80
81	81
82	82
83	83
84	84
84	1795
85	85
85	1698
85	2041
86	86
87	87
88	88
88	287
88	388
88	425
88	624
88	931
88	1671
88	2755
88	2765
88	2893
89	89
90	90
91	91
91	1570
92	92
92	557
92	2963
93	93
93	203
93	2729
94	94
94	2289
95	95
96	96
97	97
98	98
98	1366
98	2050
99	99
100	100
101	101
101	2458
102	102
103	103
104	104
105	105
105	474
105	1795
105	2838
106	106
107	107
107	2881
108	30
108	108
108	1170
108	1373
108	1822
109	4
109	22
109	109
109	251
109	391
109	977
109	1078
109	1158
109	1222
109	1334
109	1522
109	1844
109	2074
109	2075
109	2090
109	2157
109	2249
109	2441
109	2601
109	2881
110	110
110	1443
111	111
112	112
113	113
113	2555
114	114
115	115
116	116
116	2033
117	117
118	118
118	1521
119	119
119	1150
119	1428
120	120
121	121
122	122
122	1486
123	123
124	124
125	76
125	125
125	572
125	583
126	126
126	700
126	1826
127	127
127	1104
128	128
129	129
130	130
130	1746
131	131
132	132
133	133
133	2384
133	2458
134	134
134	276
134	2839
135	135
136	136
137	137
137	1909
138	138
139	139
140	140
140	620
141	141
142	142
143	143
144	144
144	942
144	2449
144	2881
145	145
146	146
147	147
147	345
147	2050
147	2746
147	2785
148	148
149	149
149	2834
150	150
151	151
152	152
152	1393
153	153
153	262
154	154
154	1797
154	1854
155	155
156	156
157	157
158	158
159	159
160	160
160	456
160	2463
161	161
162	162
162	1900
162	2481
162	2621
162	2651
162	2834
163	163
164	164
165	165
165	2192
166	166
166	1639
166	2574
167	167
167	2206
168	168
168	576
168	1351
169	169
170	170
171	171
171	324
171	633
171	1170
171	1368
171	1398
171	2549
171	2625
172	172
173	173
174	174
175	175
175	479
176	176
176	302
177	177
178	178
179	179
179	1215
179	1342
180	180
180	1501
181	181
182	182
182	414
182	428
182	1282
182	2537
183	183
183	1009
183	2168
183	2976
184	184
185	185
186	186
186	278
186	981
186	2535
187	187
188	188
189	189
190	190
191	191
192	192
192	309
192	411
192	1900
193	193
193	308
193	554
193	2847
194	194
194	882
195	195
196	196
197	197
198	198
199	199
200	200
201	201
202	202
203	93
203	203
203	2373
204	204
204	346
205	205
205	438
206	206
207	207
208	208
208	2754
209	209
209	1076
209	1158
209	2443
210	210
211	211
212	212
212	1136
212	1234
213	213
213	337
213	929
213	1022
213	1774
213	1934
213	2289
213	2348
213	2433
213	2566
214	214
214	251
214	1222
214	2005
215	215
215	2865
216	216
216	278
216	1036
216	1999
216	2076
216	2269
216	2414
217	217
217	2151
218	218
219	52
219	219
220	220
220	1474
221	77
221	221
221	595
221	978
221	981
221	1000
221	1360
221	1900
221	1904
221	2074
221	2076
222	222
223	223
223	493
223	1637
223	2847
224	224
225	225
226	226
227	227
228	228
228	913
228	1946
228	2738
229	229
230	230
230	1178
230	2273
231	34
231	231
231	294
231	322
231	509
231	557
231	599
231	920
231	931
231	1184
231	1201
231	1246
231	1319
231	1389
231	1393
231	1695
231	1909
231	2159
231	2160
231	2458
231	2801
231	2878
232	232
232	698
232	2963
233	233
233	1122
234	234
235	235
235	1220
236	236
237	237
238	238
239	239
239	1370
240	240
241	241
242	242
243	243
244	244
245	245
246	246
247	247
247	2412
247	2767
248	248
248	2206
249	249
250	250
251	109
251	214
251	251
252	252
253	253
254	254
255	255
256	256
257	257
257	1881
258	258
258	282
258	1376
258	1978
258	2785
259	259
259	1017
259	2965
260	260
260	857
260	2151
261	261
262	153
262	262
263	263
264	264
265	265
266	266
266	1637
266	2554
267	267
268	268
269	269
270	270
271	271
271	879
272	272
273	273
273	2257
274	274
275	275
276	134
276	276
277	277
277	2521
278	186
278	216
278	278
278	1060
278	2159
279	279
280	280
281	281
282	258
282	282
283	283
284	284
284	2265
285	285
286	286
287	88
287	287
287	633
287	825
288	288
288	1795
289	289
290	290
290	2670
291	291
292	292
292	2253
292	2271
293	57
293	293
293	2260
294	34
294	231
294	294
295	295
296	296
296	1883
297	297
298	298
299	299
300	300
301	301
302	176
302	302
302	2413
302	2765
303	303
304	70
304	304
304	2301
305	305
306	306
307	307
308	193
308	308
309	32
309	192
309	309
309	700
309	724
309	743
309	1069
309	1140
309	1346
309	1370
309	1387
309	1478
309	1590
309	1837
309	2223
309	2411
309	2513
309	2603
309	2767
309	2853
309	2977
310	310
311	311
312	312
312	656
313	313
314	314
315	315
316	316
316	1074
316	1749
317	317
317	365
317	1440
317	2247
317	2271
318	318
319	319
320	320
320	1637
321	321
322	231
322	322
322	405
322	938
322	1212
322	1405
322	1452
322	1503
322	1769
322	1855
322	1989
322	2146
322	2206
322	2650
322	2671
322	2953
323	323
323	578
324	171
324	324
324	737
325	325
325	1503
325	2336
326	326
326	571
326	977
326	1671
326	1900
326	2030
326	2430
326	2613
326	2833
327	327
328	328
328	1282
329	329
330	330
330	2458
331	331
331	1167
331	1405
331	1934
331	2338
332	332
332	1545
333	333
334	334
335	335
335	560
336	336
337	35
337	213
337	337
337	473
337	929
337	2433
338	338
339	339
340	340
340	2443
341	341
342	342
343	343
343	1164
344	344
345	147
345	345
345	498
345	568
345	700
345	761
345	981
345	1098
345	1202
345	1360
345	1503
345	1701
345	1713
345	1978
345	2090
345	2097
345	2142
345	2989
346	204
346	346
346	1471
347	347
348	348
348	633
348	1803
348	2889
349	349
350	350
351	351
351	1111
351	1826
351	2834
352	352
353	353
354	354
355	355
356	356
356	2112
357	357
358	358
358	2036
358	2099
359	359
360	360
361	361
362	362
363	363
363	2261
364	364
364	719
364	1393
364	1403
364	2107
364	2540
364	2785
364	2857
365	317
365	365
365	414
365	583
365	1282
365	1522
365	1630
365	1719
366	366
367	367
367	1200
367	1606
367	1969
367	2767
367	2863
367	2932
368	368
369	369
370	370
370	2569
370	2596
371	371
371	1086
371	1966
372	372
373	373
374	374
375	375
375	763
375	1697
376	376
377	377
378	378
379	379
379	1121
380	380
381	381
381	1850
382	382
382	2188
383	383
384	384
385	385
386	386
387	387
388	88
388	388
388	2142
388	2877
389	389
390	390
391	109
391	391
391	1229
391	1599
391	2889
392	392
392	1342
393	393
394	394
394	633
395	395
396	67
396	396
397	397
398	398
399	399
399	2386
400	400
400	1745
401	401
401	602
402	402
403	403
404	404
405	322
405	405
405	1571
406	406
406	1234
406	1871
407	407
407	1900
408	408
409	409
409	1407
409	1503
410	410
411	192
411	411
411	979
411	1579
411	2244
411	2411
411	2898
412	13
412	412
412	875
412	1636
412	2497
412	2955
413	413
414	182
414	365
414	414
414	1282
414	1611
415	415
416	416
416	477
416	498
417	417
417	1008
418	418
419	419
420	420
421	421
422	422
423	423
423	583
423	1366
424	424
425	88
425	425
426	426
426	1701
427	427
428	182
428	428
429	429
430	430
431	431
432	432
433	433
434	434
435	435
436	436
437	437
438	205
438	438
438	1467
438	2413
439	439
440	440
440	469
440	2529
441	441
441	1946
442	442
443	443
444	444
445	445
446	446
447	447
448	448
448	925
448	968
448	2384
448	2829
449	449
450	450
451	451
452	452
452	2283
453	453
454	454
454	883
454	1636
455	455
456	160
456	456
456	617
456	941
456	1671
457	457
458	458
459	459
460	460
461	461
462	462
463	463
464	464
465	465
466	466
467	467
468	468
469	440
469	469
469	700
469	1158
469	1399
469	1837
469	2040
469	2445
469	2801
469	2914
470	470
471	471
471	1212
471	1378
472	472
472	1201
472	1536
472	2206
473	337
473	473
474	105
474	474
474	513
475	475
475	1503
475	1574
475	1630
475	2430
475	2531
475	2684
476	476
476	1770
476	2877
476	2881
477	416
477	477
478	478
479	59
479	175
479	479
479	569
480	480
481	481
482	482
482	1592
483	483
484	484
485	485
486	486
487	487
488	488
488	591
488	671
488	2189
489	489
490	490
491	491
492	492
493	223
493	493
493	2532
494	494
495	495
495	800
496	496
497	497
498	345
498	416
498	498
498	1900
499	499
500	500
501	501
502	502
502	1966
503	62
503	503
504	504
504	1890
505	505
505	1170
505	1288
506	506
507	507
508	508
509	231
509	509
509	1246
509	2963
510	510
511	511
512	54
512	512
512	813
513	474
513	513
513	876
514	514
515	515
516	516
517	517
517	2117
517	2679
518	518
519	519
519	1443
520	520
521	521
522	522
522	1448
523	523
524	524
525	525
526	526
527	527
528	528
529	529
530	530
531	531
532	532
533	533
534	534
535	535
536	536
536	1387
536	1778
536	2898
537	537
538	538
539	539
539	624
540	540
541	541
542	542
543	543
543	2268
543	2839
544	544
544	876
545	545
546	546
546	1292
546	1563
547	547
548	548
548	1167
548	1533
549	549
550	550
551	551
552	552
552	583
553	553
553	1199
554	193
554	554
554	813
554	2433
554	2540
554	2976
555	555
555	1501
556	556
556	1503
557	44
557	92
557	231
557	557
557	2358
558	558
559	559
560	335
560	560
561	561
562	562
563	563
564	564
565	565
565	797
566	566
567	567
567	2103
568	54
568	73
568	345
568	568
568	624
568	1488
568	1630
568	1857
568	2382
568	2671
569	479
569	569
569	705
569	993
570	570
571	326
571	571
572	125
572	572
573	573
573	2712
574	574
575	575
576	168
576	576
577	577
578	323
578	578
579	579
580	580
581	581
582	582
582	1183
582	1916
583	34
583	125
583	365
583	423
583	552
583	583
583	1170
583	1200
583	1321
583	1444
583	1599
583	1631
583	1900
583	2011
583	2030
583	2129
583	2613
583	2963
584	584
584	1076
584	2168
585	585
586	586
587	587
588	588
589	589
589	1452
589	1746
590	590
590	860
590	1078
591	488
591	591
591	2266
592	592
593	593
593	675
594	594
595	221
595	595
596	596
597	597
597	1519
598	598
598	1260
598	1631
599	231
599	599
599	698
599	728
599	931
599	1078
599	2176
599	2777
600	600
600	778
601	601
601	1389
602	401
602	602
602	1469
603	603
603	1189
603	1969
604	604
605	605
606	606
607	607
607	2661
608	608
609	609
610	610
611	611
612	612
613	613
613	2648
614	614
614	2430
615	615
616	616
617	456
617	617
617	2755
618	618
618	2149
619	619
620	140
620	620
621	621
622	622
623	623
624	88
624	539
624	568
624	624
624	1630
624	2090
625	625
626	626
627	627
627	1223
627	2401
628	628
629	629
630	630
631	631
631	1146
632	632
633	52
633	171
633	287
633	348
633	394
633	633
634	634
634	678
634	1671
635	635
636	636
636	1643
637	637
637	2430
638	638
639	639
639	1411
640	640
641	641
642	642
643	643
643	2051
644	644
645	645
646	646
646	1260
647	647
648	648
648	992
648	1978
648	2853
649	649
650	650
650	1527
651	651
651	1288
651	2236
652	652
653	653
654	654
655	655
656	312
656	656
657	657
658	658
658	1288
658	1530
658	1637
658	1855
658	1970
658	2168
658	2251
658	2274
658	2468
658	2968
659	659
660	660
661	661
662	662
663	663
664	664
664	1946
664	2157
665	665
666	666
667	667
668	668
669	669
670	670
671	488
671	671
672	672
672	2188
672	2790
673	673
673	1415
673	1471
673	1589
674	674
674	940
675	593
675	675
676	676
676	2961
677	677
678	634
678	678
679	679
680	680
681	681
682	682
683	683
683	2559
684	684
685	685
686	686
687	687
687	2801
688	688
689	689
690	690
691	691
692	692
693	693
694	694
695	695
696	696
697	697
698	232
698	599
698	698
699	699
700	126
700	309
700	345
700	469
700	700
700	705
700	993
700	1202
700	1488
700	1598
700	1795
700	1942
700	2051
700	2202
700	2639
700	2674
700	2976
701	701
702	702
703	703
704	704
705	569
705	700
705	705
705	772
705	1820
706	706
707	707
708	708
708	1158
708	1312
708	1471
708	2601
709	709
709	808
710	710
711	711
712	712
713	713
713	2458
714	714
715	715
716	716
716	1434
717	717
718	718
719	364
719	719
719	2219
719	2614
720	720
721	721
722	722
723	723
724	309
724	724
725	725
726	726
727	727
728	599
728	728
728	931
728	2671
729	729
729	2061
730	730
731	731
732	732
732	1471
733	733
733	856
733	902
733	1114
733	2550
734	734
735	735
736	736
736	1650
736	2206
737	324
737	737
737	1099
738	738
739	739
740	740
741	741
742	742
742	839
743	309
743	743
743	1357
743	2260
744	744
744	2206
744	2898
745	745
746	746
747	747
748	748
748	940
749	749
750	750
751	751
752	752
752	1873
752	2952
753	753
754	754
755	755
756	756
756	2151
756	2780
757	757
757	879
758	758
758	1193
759	759
759	1408
759	2449
760	760
761	345
761	761
761	1009
762	762
763	375
763	763
763	1630
763	2383
764	764
765	765
766	766
767	4
767	767
767	2715
768	768
769	769
770	770
771	771
772	705
772	772
773	773
774	774
774	2505
775	775
775	985
776	776
776	2164
777	777
778	600
778	778
779	779
780	780
781	781
782	782
782	1145
782	2537
783	783
783	1567
784	784
785	785
786	786
787	787
787	1865
788	788
789	789
790	790
790	1452
790	2326
791	791
792	792
793	793
794	794
795	795
796	796
797	565
797	797
797	903
798	798
799	799
800	495
800	800
801	801
802	802
803	803
803	1903
804	804
805	805
806	806
807	807
808	709
808	808
809	809
810	810
810	1900
811	811
812	812
812	1928
813	512
813	554
813	813
813	1004
814	814
814	2585
814	2914
815	815
816	816
816	1189
817	817
818	818
819	819
820	820
821	821
822	822
822	2190
822	2914
823	823
824	824
825	287
825	825
826	826
827	827
827	1170
828	828
828	1780
829	829
829	1078
829	1536
829	1662
830	830
831	831
832	832
832	1777
833	833
833	1952
834	834
835	835
836	836
837	837
837	1978
838	838
839	742
839	839
840	840
840	908
840	1145
840	2035
840	2537
841	841
841	875
841	2601
841	2729
842	842
843	843
844	844
845	845
846	846
847	847
847	1355
848	848
849	849
850	850
850	903
850	2275
851	851
852	852
853	853
854	854
855	855
856	733
856	856
856	1247
856	1395
856	2124
856	2767
857	260
857	857
858	858
859	859
860	590
860	860
860	1167
860	2058
860	2206
861	861
862	862
863	863
864	864
865	865
866	866
866	2129
866	2648
867	867
868	868
869	869
870	870
871	871
872	872
873	873
873	2381
874	874
875	412
875	841
875	875
875	1580
875	2729
876	513
876	544
876	876
876	2104
876	2530
876	2990
877	877
877	2168
878	878
879	271
879	757
879	879
880	880
881	881
882	194
882	882
883	454
883	883
883	2144
884	884
885	885
885	2222
886	886
887	887
888	68
888	888
889	889
890	890
891	891
892	892
893	893
894	894
895	895
895	2352
896	896
897	897
898	898
899	899
900	12
900	900
900	1432
900	1934
901	901
902	733
902	902
903	797
903	850
903	903
904	904
905	905
906	906
907	907
907	1194
907	2570
908	840
908	908
908	2154
908	2255
908	2273
909	909
910	910
911	911
912	912
913	228
913	913
913	1414
914	914
915	915
916	916
916	1561
917	917
918	918
918	1969
919	919
920	231
920	920
920	1184
921	921
922	922
922	1472
923	923
923	1268
924	924
925	448
925	925
926	926
926	2103
927	927
928	928
928	2381
929	213
929	337
929	929
929	1716
929	1900
929	1927
929	2349
929	2524
930	930
930	1561
930	2463
931	88
931	231
931	599
931	728
931	931
931	1078
931	1807
932	932
933	933
934	934
935	935
935	1282
936	936
937	937
937	2410
938	322
938	938
938	1630
938	1994
938	2664
939	939
940	674
940	748
940	940
940	1490
940	2848
941	456
941	941
942	144
942	942
943	943
944	944
944	2667
945	945
946	946
947	947
947	1490
948	948
948	1774
949	949
949	1111
950	950
950	1885
951	951
952	30
952	952
953	953
954	954
955	955
956	956
957	957
958	958
959	959
960	960
960	2691
961	961
962	962
963	963
964	964
965	965
966	966
966	1277
967	967
967	1642
968	57
968	448
968	968
968	2661
969	969
970	970
970	1249
971	971
972	972
973	973
973	2968
974	974
975	975
975	2335
976	976
977	109
977	326
977	977
977	1111
977	1525
977	1671
977	1900
977	2206
977	2273
977	2725
977	2729
978	221
978	978
978	1713
979	411
979	979
980	980
981	186
981	221
981	345
981	981
981	1170
981	1360
981	2159
981	2512
981	2977
982	982
982	1613
983	983
983	1541
984	984
985	775
985	985
986	986
987	987
987	2889
987	2971
988	988
989	989
990	990
991	991
992	648
992	992
992	1193
992	2159
993	569
993	700
993	993
993	2955
994	994
994	2844
995	995
996	996
997	997
997	1216
997	1227
997	1443
998	998
999	999
1000	221
1000	1000
1001	1001
1002	1002
1002	1182
1003	1003
1004	813
1004	1004
1004	1259
1005	1005
1006	1006
1007	1007
1008	417
1008	1008
1008	1503
1008	1523
1009	183
1009	761
1009	1009
1009	2149
1009	2976
1010	1010
1011	1011
1012	1012
1013	1013
1014	1014
1014	1637
1014	1970
1015	1015
1016	1016
1016	1170
1016	2313
1016	2609
1017	259
1017	1017
1017	1355
1017	2167
1018	1018
1019	1019
1020	1020
1021	1021
1022	213
1022	1022
1022	2251
1023	1023
1024	1024
1024	2026
1025	1025
1026	1026
1027	1027
1028	1028
1029	1029
1030	1030
1031	1031
1032	1032
1033	1033
1034	1034
1035	1035
1035	1605
1036	216
1036	1036
1037	1037
1038	1038
1039	1039
1040	1040
1041	1041
1042	1042
1043	1043
1044	1044
1045	20
1045	1045
1046	1046
1046	2349
1046	2790
1047	1047
1048	1048
1049	1049
1050	1050
1051	1051
1052	1052
1053	1053
1053	1461
1053	2206
1053	2301
1054	1054
1055	1055
1056	1056
1057	1057
1058	1058
1059	1059
1059	1501
1060	278
1060	1060
1060	1431
1060	1572
1060	2103
1060	2430
1061	1061
1062	1062
1062	2943
1063	1063
1064	1064
1065	1065
1065	2530
1066	1066
1067	1067
1067	2227
1068	1068
1069	309
1069	1069
1070	1070
1071	1071
1072	1072
1073	1073
1073	1321
1073	2413
1074	316
1074	1074
1074	1169
1075	1075
1076	209
1076	584
1076	1076
1076	2149
1077	1077
1078	109
1078	590
1078	599
1078	829
1078	931
1078	1078
1079	1079
1080	1080
1080	2273
1081	1081
1081	1900
1081	2537
1082	1082
1083	1083
1084	1084
1085	1085
1086	371
1086	1086
1087	1087
1088	1088
1089	1089
1089	2195
1090	1090
1091	1091
1092	1092
1093	1093
1093	1501
1093	2124
1093	2219
1094	1094
1095	1095
1095	1521
1096	1096
1096	1403
1097	1097
1098	345
1098	1098
1099	737
1099	1099
1100	1100
1100	1959
1101	1101
1102	1102
1103	1103
1104	127
1104	1104
1104	2636
1105	1105
1105	2734
1106	1106
1107	1107
1108	1108
1109	1109
1110	1110
1111	54
1111	73
1111	351
1111	949
1111	977
1111	1111
1111	1376
1111	1452
1111	1630
1111	1889
1111	1946
1111	2537
1111	2627
1112	1112
1113	1113
1114	733
1114	1114
1114	2421
1115	1115
1115	1282
1116	1116
1117	1117
1118	1118
1118	2159
1118	2681
1119	1119
1120	1120
1120	1985
1121	379
1121	1121
1122	233
1122	1122
1122	1933
1123	1123
1124	1124
1124	2836
1125	1125
1126	1126
1126	2150
1127	1127
1128	1128
1129	1129
1130	1130
1131	1131
1132	1132
1133	1133
1134	1134
1135	1135
1136	212
1136	1136
1136	1158
1136	1563
1137	1137
1137	2124
1138	1138
1139	1139
1140	309
1140	1140
1141	1141
1142	1142
1143	1143
1144	1144
1145	782
1145	840
1145	1145
1145	2386
1145	2537
1145	2681
1145	2875
1146	631
1146	1146
1147	1147
1147	2047
1147	2838
1148	1148
1149	1149
1150	119
1150	1150
1150	2190
1150	2791
1150	2943
1151	1151
1152	1152
1153	1153
1154	1154
1155	1155
1156	1156
1157	1157
1158	54
1158	109
1158	209
1158	469
1158	708
1158	1136
1158	1158
1158	2198
1158	2206
1158	2671
1159	1159
1160	1160
1161	1161
1162	1162
1162	1739
1163	1163
1163	2260
1163	2467
1164	343
1164	1164
1165	1165
1166	1166
1167	331
1167	548
1167	860
1167	1167
1168	1168
1169	1074
1169	1169
1170	108
1170	171
1170	505
1170	583
1170	827
1170	981
1170	1016
1170	1170
1170	1822
1170	1854
1171	1171
1172	1172
1173	1173
1174	1174
1174	2478
1175	1175
1176	1176
1177	1177
1178	230
1178	1178
1178	1216
1178	2834
1179	1179
1180	1180
1181	1181
1182	1002
1182	1182
1183	582
1183	1183
1184	231
1184	920
1184	1184
1184	2255
1185	1185
1186	1186
1187	1187
1188	1188
1189	603
1189	816
1189	1189
1190	1190
1191	1191
1192	1192
1193	758
1193	992
1193	1193
1193	1443
1194	907
1194	1194
1195	1195
1196	1196
1196	1947
1196	2339
1196	2501
1196	2783
1197	1197
1198	1198
1199	553
1199	1199
1200	367
1200	583
1200	1200
1200	1969
1201	44
1201	231
1201	472
1201	1201
1201	2801
1202	345
1202	700
1202	1202
1203	1203
1204	1204
1205	1205
1205	2358
1206	1206
1206	2559
1207	1207
1208	1208
1209	1209
1210	1210
1211	1211
1212	322
1212	471
1212	1212
1213	1213
1214	1214
1214	1941
1215	179
1215	1215
1215	1321
1216	997
1216	1178
1216	1216
1216	2458
1217	1217
1218	32
1218	1218
1218	1904
1219	1219
1220	235
1220	1220
1221	1221
1222	109
1222	214
1222	1222
1222	2384
1223	627
1223	1223
1224	1224
1225	1225
1226	1226
1227	997
1227	1227
1227	1394
1228	1228
1229	391
1229	1229
1230	1230
1231	1231
1231	1715
1232	1232
1233	1233
1234	212
1234	406
1234	1234
1234	2818
1235	1235
1236	1236
1237	1237
1238	1238
1239	1239
1240	1240
1240	2681
1241	1241
1242	1242
1243	1243
1243	1536
1244	1244
1245	1245
1246	231
1246	509
1246	1246
1246	1771
1246	2206
1247	856
1247	1247
1247	1286
1248	1248
1248	1738
1249	970
1249	1249
1250	1250
1251	1251
1252	1252
1253	1253
1254	1254
1255	1255
1256	52
1256	1256
1256	1806
1257	1257
1258	1258
1259	1004
1259	1259
1259	2931
1260	598
1260	646
1260	1260
1260	1366
1260	2998
1261	1261
1261	2544
1262	1262
1263	1263
1264	1264
1265	1265
1266	1266
1266	1770
1266	2030
1267	1267
1268	923
1268	1268
1269	1269
1270	1270
1271	1271
1272	1272
1272	1578
1272	2033
1273	1273
1274	1274
1275	1275
1276	1276
1277	966
1277	1277
1277	2305
1278	1278
1279	1279
1280	1280
1281	1281
1282	182
1282	328
1282	365
1282	414
1282	935
1282	1115
1282	1282
1282	1741
1282	1780
1283	1283
1284	1284
1285	1285
1285	2838
1286	1247
1286	1286
1287	1287
1288	505
1288	651
1288	658
1288	1288
1288	2198
1288	2497
1289	1289
1290	1290
1291	1291
1291	2142
1292	546
1292	1292
1292	1764
1293	1293
1293	2661
1294	1294
1295	1295
1296	1296
1297	1297
1298	1298
1299	1299
1300	1300
1301	1301
1302	1302
1303	1303
1304	1304
1304	2458
1304	2801
1305	1305
1306	1306
1307	1307
1308	1308
1309	1309
1310	1310
1311	1311
1311	2384
1312	708
1312	1312
1312	1471
1313	1313
1314	1314
1315	1315
1316	1316
1317	1317
1318	1318
1319	231
1319	1319
1320	1320
1320	2711
1321	583
1321	1073
1321	1215
1321	1321
1321	1855
1321	2413
1321	2722
1322	1322
1323	1323
1324	1324
1325	1325
1326	1326
1327	1327
1328	1328
1329	1329
1330	1330
1331	1331
1331	2625
1332	1332
1332	1935
1333	1333
1334	109
1334	1334
1334	1834
1335	1335
1336	1336
1337	1337
1338	1338
1339	1339
1340	1340
1341	1341
1342	179
1342	392
1342	1342
1343	1343
1343	2556
1344	1344
1344	2665
1345	1345
1345	1936
1346	309
1346	1346
1347	1347
1348	1348
1349	1349
1349	2596
1350	1350
1351	168
1351	1351
1352	1352
1353	1353
1353	2286
1354	1354
1355	847
1355	1017
1355	1355
1356	1356
1357	743
1357	1357
1357	2971
1358	1358
1359	1359
1360	221
1360	345
1360	981
1360	1360
1360	2159
1361	1361
1362	1362
1363	1363
1364	1364
1364	1650
1365	1365
1366	98
1366	423
1366	1260
1366	1366
1367	1367
1368	171
1368	1368
1369	1369
1370	239
1370	309
1370	1370
1371	1371
1372	1372
1373	30
1373	108
1373	1373
1374	1374
1375	1375
1376	52
1376	258
1376	1111
1376	1376
1376	2121
1376	2785
1376	2976
1377	1377
1378	471
1378	1378
1378	1909
1378	2817
1379	1379
1380	1380
1381	1381
1382	1382
1383	1383
1384	1384
1385	1385
1386	1386
1387	309
1387	536
1387	1387
1388	1388
1389	231
1389	601
1389	1389
1390	1390
1391	1391
1391	2458
1392	1392
1393	152
1393	231
1393	364
1393	1393
1393	2489
1393	2625
1394	1227
1394	1394
1395	856
1395	1395
1395	1716
1395	2903
1396	1396
1397	1397
1398	171
1398	1398
1399	469
1399	1399
1399	1924
1400	1400
1401	1401
1402	1402
1403	364
1403	1096
1403	1403
1404	1404
1405	322
1405	331
1405	1405
1405	1855
1405	2650
1405	2800
1406	1406
1407	409
1407	1407
1407	1851
1408	759
1408	1408
1409	1409
1410	1410
1411	639
1411	1411
1411	2505
1412	1412
1413	1413
1413	1921
1414	913
1414	1414
1414	2898
1415	673
1415	1415
1415	2839
1416	1416
1417	1417
1418	1418
1419	1419
1420	1420
1421	1421
1421	1554
1421	2556
1421	2914
1422	1422
1422	1894
1422	2674
1423	1423
1423	1900
1424	1424
1425	1425
1426	1426
1427	1427
1428	119
1428	1428
1428	2712
1428	2754
1429	1429
1430	1430
1431	1060
1431	1431
1431	2745
1432	900
1432	1432
1433	1433
1433	2340
1434	716
1434	1434
1435	32
1435	1435
1435	2497
1435	2864
1436	1436
1436	1588
1437	1437
1438	1438
1439	1439
1440	317
1440	1440
1441	1441
1442	1442
1443	110
1443	519
1443	997
1443	1193
1443	1443
1443	1854
1443	2493
1444	583
1444	1444
1444	2193
1445	1445
1446	62
1446	1446
1446	2477
1447	1447
1448	522
1448	1448
1449	1449
1450	1450
1451	1451
1452	322
1452	589
1452	790
1452	1111
1452	1452
1452	1900
1452	2989
1453	1453
1454	1454
1455	1455
1456	1456
1457	1457
1458	1458
1459	1459
1460	1460
1461	12
1461	1053
1461	1461
1461	2154
1461	2248
1461	2796
1462	1462
1463	1463
1464	1464
1465	1465
1466	1466
1467	438
1467	1467
1468	1468
1469	602
1469	1469
1470	1470
1471	346
1471	673
1471	708
1471	732
1471	1312
1471	1471
1471	2863
1472	922
1472	1472
1473	1473
1474	220
1474	1474
1474	1598
1474	2336
1474	2431
1474	2814
1475	1475
1476	1476
1476	2103
1477	1477
1478	309
1478	1478
1479	1479
1480	1480
1480	1942
1480	2417
1481	1481
1482	1482
1483	1483
1484	1484
1485	1485
1486	122
1486	1486
1486	1869
1486	2090
1486	2903
1487	1487
1488	568
1488	700
1488	1488
1488	2662
1489	1489
1490	940
1490	947
1490	1490
1490	1503
1491	1491
1492	1492
1493	1493
1494	1494
1495	1495
1496	1496
1496	2362
1497	1497
1498	1498
1499	1499
1500	1500
1500	1738
1500	1749
1500	2609
1501	30
1501	70
1501	180
1501	555
1501	1059
1501	1093
1501	1501
1501	1575
1501	1880
1502	1502
1503	322
1503	325
1503	345
1503	409
1503	475
1503	556
1503	1008
1503	1490
1503	1503
1503	1598
1503	1900
1503	2777
1504	1504
1505	1505
1506	1506
1507	53
1507	1507
1507	2129
1507	2243
1508	1508
1509	1509
1510	1510
1511	1511
1512	1512
1513	1513
1514	1514
1515	1515
1516	1516
1517	1517
1518	4
1518	1518
1518	1719
1518	2963
1519	597
1519	1519
1520	1520
1520	2267
1520	2834
1521	57
1521	118
1521	1095
1521	1521
1522	109
1522	365
1522	1522
1522	2187
1523	1008
1523	1523
1524	1524
1525	977
1525	1525
1525	1900
1525	2537
1525	2801
1526	1526
1527	650
1527	1527
1528	1528
1528	2273
1528	2458
1529	1529
1530	658
1530	1530
1531	1531
1531	2911
1532	1532
1533	548
1533	1533
1534	1534
1534	2117
1535	1535
1536	472
1536	829
1536	1243
1536	1536
1536	2973
1537	1537
1538	1538
1539	1539
1540	1540
1541	983
1541	1541
1541	2983
1542	1542
1542	1966
1542	2273
1542	2343
1542	2425
1543	1543
1544	1544
1545	332
1545	1545
1546	1546
1547	1547
1547	1658
1547	1861
1547	2449
1548	1548
1549	1549
1549	1636
1550	1550
1551	1551
1552	1552
1553	1553
1554	1421
1554	1554
1554	2192
1554	2206
1555	1555
1556	1556
1557	1557
1558	1558
1559	1559
1559	2273
1560	1560
1561	916
1561	930
1561	1561
1562	1562
1563	546
1563	1136
1563	1563
1563	1629
1563	1719
1563	2377
1564	1564
1565	1565
1566	1566
1567	783
1567	1567
1568	1568
1568	1665
1569	1569
1570	91
1570	1570
1571	405
1571	1571
1571	2728
1571	2834
1572	1060
1572	1572
1573	1573
1574	475
1574	1574
1574	1660
1575	1501
1575	1575
1576	1576
1577	1577
1578	1272
1578	1578
1578	2649
1578	2671
1579	411
1579	1579
1580	875
1580	1580
1581	1581
1582	1582
1583	1583
1584	1584
1585	1585
1585	2491
1585	2579
1586	1586
1587	1587
1588	1436
1588	1588
1589	673
1589	1589
1590	309
1590	1590
1591	1591
1592	482
1592	1592
1593	1593
1594	1594
1595	1595
1596	1596
1597	1597
1598	700
1598	1474
1598	1503
1598	1598
1599	391
1599	583
1599	1599
1599	1606
1599	1699
1599	1975
1599	2430
1599	2862
1600	1600
1601	1601
1602	1602
1603	1603
1604	1604
1604	2818
1605	1035
1605	1605
1605	2589
1606	367
1606	1599
1606	1606
1606	2206
1606	2767
1607	1607
1608	1608
1608	1884
1609	1609
1610	1610
1611	414
1611	1611
1612	1612
1612	2971
1613	982
1613	1613
1614	1614
1615	1615
1615	2413
1616	1616
1617	1617
1618	1618
1619	1619
1620	1620
1621	1621
1622	1622
1623	1623
1624	1624
1625	1625
1625	2273
1626	1626
1627	1627
1628	1628
1629	1563
1629	1629
1629	2126
1630	54
1630	365
1630	475
1630	568
1630	624
1630	763
1630	938
1630	1111
1630	1630
1630	1775
1630	2408
1630	2662
1630	2864
1630	2891
1631	583
1631	598
1631	1631
1631	2030
1632	1632
1633	1633
1633	2193
1633	2863
1634	1634
1635	1635
1636	412
1636	454
1636	1549
1636	1636
1637	223
1637	266
1637	320
1637	658
1637	1014
1637	1637
1637	2001
1637	2030
1637	2680
1637	2771
1637	2786
1638	1638
1639	166
1639	1639
1640	1640
1641	1641
1641	2615
1642	967
1642	1642
1643	636
1643	1643
1643	2906
1644	1644
1644	2050
1645	1645
1646	1646
1647	1647
1648	1648
1649	1649
1650	736
1650	1364
1650	1650
1651	1651
1652	1652
1653	1653
1654	1654
1655	1655
1656	1656
1657	1657
1657	2329
1658	1547
1658	1658
1659	1659
1660	1574
1660	1660
1661	1661
1662	829
1662	1662
1663	1663
1664	1664
1665	1568
1665	1665
1665	2795
1666	1666
1667	1667
1667	2260
1668	1668
1669	1669
1670	1670
1671	26
1671	45
1671	88
1671	326
1671	456
1671	634
1671	977
1671	1671
1671	1929
1671	2129
1671	2206
1671	2299
1672	1672
1673	1673
1674	1674
1675	1675
1676	1676
1677	1677
1678	1678
1679	1679
1680	1680
1680	2729
1681	1681
1682	1682
1682	2434
1682	2603
1683	1683
1684	1684
1685	1685
1686	1686
1687	1687
1688	1688
1689	1689
1690	1690
1691	1691
1692	1692
1692	1932
1693	1693
1693	2005
1693	2206
1694	1694
1695	231
1695	1695
1696	1696
1696	2247
1697	375
1697	1697
1698	85
1698	1698
1699	1599
1699	1699
1700	1700
1701	345
1701	426
1701	1701
1702	1702
1702	2213
1703	1703
1704	1704
1705	1705
1706	1706
1707	1707
1707	2099
1707	2824
1708	1708
1708	2106
1709	1709
1710	1710
1711	1711
1712	1712
1713	345
1713	978
1713	1713
1713	2056
1713	2209
1714	1714
1715	1231
1715	1715
1716	929
1716	1395
1716	1716
1716	1900
1716	2250
1717	1717
1718	1718
1719	4
1719	365
1719	1518
1719	1563
1719	1719
1719	2531
1720	1720
1721	1721
1722	1722
1722	2565
1722	2893
1723	1723
1724	1724
1725	1725
1725	2099
1725	2566
1726	1726
1727	1727
1728	1728
1728	2137
1729	1729
1730	52
1730	1730
1731	1731
1732	1732
1733	1733
1733	2260
1734	1734
1734	2160
1735	1735
1735	2822
1736	1736
1737	1737
1738	1248
1738	1500
1738	1738
1738	2074
1738	2761
1739	1162
1739	1739
1740	1740
1741	1282
1741	1741
1742	1742
1743	1743
1744	1744
1745	400
1745	1745
1746	130
1746	589
1746	1746
1746	2074
1747	1747
1748	1748
1749	316
1749	1500
1749	1749
1750	1750
1751	1751
1752	1752
1753	1753
1753	2598
1754	1754
1755	1755
1755	2651
1756	1756
1757	1757
1758	1758
1759	1759
1760	1760
1761	1761
1762	1762
1763	1763
1764	1292
1764	1764
1765	1765
1765	2440
1766	1766
1766	2069
1767	1767
1768	1768
1768	1969
1768	2569
1769	322
1769	1769
1769	1966
1769	1973
1769	2771
1770	476
1770	1266
1770	1770
1770	1944
1771	1246
1771	1771
1772	1772
1773	1773
1774	213
1774	948
1774	1774
1774	2117
1774	2922
1775	1630
1775	1775
1776	1776
1777	832
1777	1777
1778	536
1778	1778
1779	1779
1780	828
1780	1282
1780	1780
1780	2124
1780	2606
1781	1781
1782	1782
1783	1783
1784	1784
1784	2273
1784	2510
1785	1785
1786	1786
1787	1787
1788	1788
1788	2383
1789	1789
1790	1790
1791	1791
1792	1792
1793	1793
1794	1794
1795	84
1795	105
1795	288
1795	700
1795	1795
1795	2051
1796	1796
1797	154
1797	1797
1798	1798
1799	1799
1800	1800
1801	1801
1802	1802
1803	348
1803	1803
1804	1804
1805	1805
1806	1256
1806	1806
1807	931
1807	1807
1808	1808
1809	1809
1810	1810
1811	1811
1812	1812
1813	1813
1814	1814
1815	1815
1816	1816
1817	1817
1818	1818
1819	1819
1820	705
1820	1820
1821	1821
1822	108
1822	1170
1822	1822
1822	2069
1822	2226
1822	2764
1823	1823
1824	1824
1825	1825
1826	62
1826	73
1826	126
1826	351
1826	1826
1826	2099
1826	2462
1827	1827
1828	1828
1829	1829
1830	1830
1831	1831
1831	1909
1831	2767
1832	1832
1833	1833
1834	1334
1834	1834
1834	2448
1835	1835
1836	1836
1836	2074
1837	309
1837	469
1837	1837
1838	1838
1839	1839
1840	1840
1841	1841
1841	1904
1842	1842
1843	1843
1844	109
1844	1844
1845	1845
1846	1846
1847	1847
1848	1848
1849	1849
1850	381
1850	1850
1851	1407
1851	1851
1852	1852
1852	2719
1853	1853
1854	154
1854	1170
1854	1443
1854	1854
1854	1953
1854	2438
1854	2486
1855	322
1855	658
1855	1321
1855	1405
1855	1855
1855	2650
1855	2800
1856	1856
1857	73
1857	568
1857	1857
1857	2094
1858	1858
1859	1859
1860	1860
1861	1547
1861	1861
1861	2449
1862	1862
1863	1863
1863	2852
1864	1864
1865	787
1865	1865
1866	1866
1867	1867
1868	1868
1868	2349
1868	2790
1869	1486
1869	1869
1870	1870
1871	406
1871	1871
1872	1872
1873	752
1873	1873
1874	1874
1875	1875
1876	1876
1877	1877
1878	1878
1879	1879
1880	1501
1880	1880
1880	2463
1881	257
1881	1881
1882	1882
1883	296
1883	1883
1883	2035
1884	1608
1884	1884
1885	950
1885	1885
1886	1886
1887	1887
1888	1888
1889	1111
1889	1889
1889	2674
1890	504
1890	1890
1891	1891
1892	1892
1893	1893
1894	1422
1894	1894
1895	1895
1896	1896
1897	1897
1898	1898
1899	1899
1900	34
1900	162
1900	192
1900	221
1900	326
1900	407
1900	498
1900	583
1900	810
1900	929
1900	977
1900	1081
1900	1423
1900	1452
1900	1503
1900	1525
1900	1716
1900	1900
1900	2103
1900	2118
1900	2149
1900	2206
1900	2258
1900	2299
1900	2531
1900	2613
1900	2662
1900	2693
1900	2767
1901	1901
1902	1902
1903	803
1903	1903
1903	2206
1904	221
1904	1218
1904	1841
1904	1904
1904	1929
1904	2767
1905	1905
1905	2067
1906	1906
1907	1907
1908	1908
1909	137
1909	231
1909	1378
1909	1831
1909	1909
1909	2011
1909	2767
1909	2863
1910	1910
1911	1911
1911	2562
1912	1912
1913	1913
1914	1914
1915	1915
1916	582
1916	1916
1917	1917
1918	1918
1919	1919
1920	1920
1921	78
1921	1413
1921	1921
1922	1922
1923	41
1923	1923
1924	1399
1924	1924
1924	2763
1925	1925
1926	1926
1927	929
1927	1927
1928	812
1928	1928
1929	1671
1929	1904
1929	1929
1930	1930
1931	1931
1932	1692
1932	1932
1933	1122
1933	1933
1934	213
1934	331
1934	900
1934	1934
1935	1332
1935	1935
1935	2637
1936	1345
1936	1936
1937	1937
1938	1938
1938	2765
1939	1939
1940	1940
1941	1214
1941	1941
1942	700
1942	1480
1942	1942
1943	1943
1944	1770
1944	1944
1945	1945
1945	2881
1946	39
1946	228
1946	441
1946	664
1946	1111
1946	1946
1946	2662
1947	1196
1947	1947
1947	2339
1948	1948
1949	1949
1950	1950
1951	1951
1952	833
1952	1952
1953	1854
1953	1953
1954	1954
1955	1955
1955	2486
1956	1956
1957	1957
1958	1958
1959	1100
1959	1959
1960	1960
1961	1961
1962	1962
1963	1963
1964	1964
1964	2619
1965	1965
1966	371
1966	502
1966	1542
1966	1769
1966	1966
1966	2324
1967	1967
1968	1968
1969	367
1969	603
1969	918
1969	1200
1969	1768
1969	1969
1969	2094
1969	2117
1969	2477
1969	2486
1969	2932
1970	658
1970	1014
1970	1970
1971	1971
1972	1972
1973	1769
1973	1973
1973	2955
1974	1974
1975	1599
1975	1975
1976	1976
1977	1977
1978	258
1978	345
1978	648
1978	837
1978	1978
1979	1979
1980	1980
1981	1981
1981	2146
1981	2406
1982	1982
1983	1983
1984	1984
1985	1120
1985	1985
1985	2462
1986	1986
1987	1987
1988	1988
1989	322
1989	1989
1989	2537
1989	2580
1990	1990
1991	1991
1992	1992
1993	1993
1994	938
1994	1994
1995	1995
1996	1996
1997	1997
1998	1998
1998	2011
1999	216
1999	1999
2000	2000
2001	1637
2001	2001
2001	2493
2002	2002
2003	2003
2004	2004
2005	214
2005	1693
2005	2005
2005	2198
2006	2006
2007	2007
2008	2008
2009	2009
2010	2010
2011	583
2011	1909
2011	1998
2011	2011
2012	2012
2013	2013
2014	2014
2015	2015
2016	2016
2017	2017
2018	2018
2019	2019
2020	2020
2021	2021
2022	2022
2022	2189
2023	2023
2024	2024
2025	2025
2026	1024
2026	2026
2027	2027
2027	2566
2027	2963
2028	2028
2029	2029
2030	326
2030	583
2030	1266
2030	1631
2030	1637
2030	2030
2031	2031
2032	2032
2033	116
2033	1272
2033	2033
2034	2034
2034	2761
2035	840
2035	1883
2035	2035
2036	358
2036	2036
2037	2037
2038	2038
2039	2039
2040	469
2040	2040
2041	85
2041	2041
2042	2042
2043	2043
2044	2044
2045	2045
2046	2046
2046	2799
2047	1147
2047	2047
2048	2048
2049	2049
2050	98
2050	147
2050	1644
2050	2050
2050	2458
2051	643
2051	700
2051	1795
2051	2051
2052	2052
2053	2053
2054	2054
2055	2055
2056	1713
2056	2056
2057	2057
2058	860
2058	2058
2059	2059
2060	2060
2061	729
2061	2061
2062	2062
2063	2063
2063	2785
2064	2064
2065	2065
2066	2066
2067	1905
2067	2067
2067	2430
2068	2068
2069	1766
2069	1822
2069	2069
2070	2070
2070	2944
2071	2071
2072	2072
2073	2073
2074	109
2074	221
2074	1738
2074	1746
2074	1836
2074	2074
2074	2103
2074	2413
2074	2468
2074	2765
2075	109
2075	2075
2076	216
2076	221
2076	2076
2077	2077
2078	2078
2079	2079
2080	2080
2081	2081
2082	2082
2083	2083
2084	2084
2085	2085
2086	2086
2087	2087
2088	2088
2089	2089
2089	2353
2090	109
2090	345
2090	624
2090	1486
2090	2090
2090	2151
2091	2091
2091	2133
2092	2092
2093	2093
2094	1857
2094	1969
2094	2094
2095	2095
2096	2096
2097	345
2097	2097
2098	2098
2099	78
2099	358
2099	1707
2099	1725
2099	1826
2099	2099
2099	2413
2100	2100
2101	2101
2102	2102
2102	2681
2102	2914
2103	567
2103	926
2103	1060
2103	1476
2103	1900
2103	2074
2103	2103
2103	2206
2103	2257
2103	2609
2103	2767
2103	2834
2103	2863
2104	876
2104	2104
2105	2105
2105	2251
2106	1708
2106	2106
2107	364
2107	2107
2108	2108
2109	2109
2110	2110
2111	2111
2112	356
2112	2112
2113	2113
2114	2114
2115	2115
2116	2116
2117	517
2117	1534
2117	1774
2117	1969
2117	2117
2117	2458
2118	1900
2118	2118
2119	2119
2120	2120
2120	2373
2120	2932
2121	1376
2121	2121
2122	2122
2123	2123
2124	856
2124	1093
2124	1137
2124	1780
2124	2124
2124	2834
2125	2125
2126	1629
2126	2126
2127	2127
2128	2128
2128	2972
2129	57
2129	583
2129	866
2129	1507
2129	1671
2129	2129
2129	2953
2130	2130
2131	2131
2132	2132
2133	2091
2133	2133
2134	2134
2134	2593
2135	2135
2136	2136
2136	2801
2137	1728
2137	2137
2138	2138
2139	2139
2140	2140
2141	57
2141	2141
2141	2765
2142	345
2142	388
2142	1291
2142	2142
2142	2290
2142	2891
2142	2976
2143	2143
2144	883
2144	2144
2145	2145
2146	322
2146	1981
2146	2146
2147	2147
2148	2148
2149	618
2149	1009
2149	1076
2149	1900
2149	2149
2150	1126
2150	2150
2150	2359
2151	217
2151	260
2151	756
2151	2090
2151	2151
2151	2293
2152	2152
2153	2153
2154	908
2154	1461
2154	2154
2155	2155
2156	2156
2157	109
2157	664
2157	2157
2158	2158
2159	231
2159	278
2159	981
2159	992
2159	1118
2159	1360
2159	2159
2160	231
2160	1734
2160	2160
2161	2161
2162	2162
2163	2163
2163	2595
2164	776
2164	2164
2164	2394
2165	2165
2166	2166
2167	1017
2167	2167
2168	183
2168	584
2168	658
2168	877
2168	2168
2168	2198
2169	2169
2170	2170
2170	2413
2170	2839
2171	2171
2172	2172
2173	2173
2174	2174
2175	2175
2176	34
2176	599
2176	2176
2177	2177
2178	2178
2178	2299
2179	2179
2180	2180
2181	2181
2182	2182
2183	2183
2184	2184
2185	2185
2186	2186
2187	1522
2187	2187
2187	2452
2188	382
2188	672
2188	2188
2188	2535
2189	488
2189	2022
2189	2189
2190	822
2190	1150
2190	2190
2191	2191
2192	165
2192	1554
2192	2192
2193	1444
2193	1633
2193	2193
2194	2194
2195	1089
2195	2195
2196	2196
2197	2197
2198	1158
2198	1288
2198	2005
2198	2168
2198	2198
2198	2253
2199	2199
2200	2200
2201	2201
2202	700
2202	2202
2203	2203
2204	2204
2205	2205
2206	4
2206	52
2206	167
2206	248
2206	322
2206	472
2206	736
2206	744
2206	860
2206	977
2206	1053
2206	1158
2206	1246
2206	1554
2206	1606
2206	1671
2206	1693
2206	1900
2206	1903
2206	2103
2206	2206
2206	2247
2206	2463
2206	2531
2206	2537
2206	2790
2206	2951
2206	2955
2207	2207
2208	2208
2209	1713
2209	2209
2209	2644
2210	2210
2211	2211
2212	2212
2213	1702
2213	2213
2214	2214
2215	2215
2216	2216
2217	2217
2218	2218
2219	719
2219	1093
2219	2219
2220	2220
2221	2221
2222	885
2222	2222
2223	309
2223	2223
2224	2224
2225	2225
2226	1822
2226	2226
2227	1067
2227	2227
2228	2228
2229	2229
2230	2230
2231	2231
2231	2495
2231	2754
2232	2232
2233	2233
2234	2234
2235	2235
2236	651
2236	2236
2237	2237
2238	2238
2239	2239
2240	2240
2241	2241
2242	2242
2243	1507
2243	2243
2244	411
2244	2244
2245	2245
2246	2246
2247	17
2247	317
2247	1696
2247	2206
2247	2247
2248	1461
2248	2248
2249	109
2249	2249
2249	2801
2250	1716
2250	2250
2251	658
2251	1022
2251	2105
2251	2251
2251	2279
2251	2616
2252	2252
2252	2301
2252	2801
2253	292
2253	2198
2253	2253
2254	2254
2255	908
2255	1184
2255	2255
2255	2386
2255	2972
2256	2256
2257	273
2257	2103
2257	2257
2257	2839
2258	1900
2258	2258
2258	2362
2258	2801
2259	2259
2260	293
2260	743
2260	1163
2260	1667
2260	1733
2260	2260
2261	363
2261	2261
2262	2262
2263	2263
2264	2264
2265	284
2265	2265
2266	591
2266	2266
2267	1520
2267	2267
2268	543
2268	2268
2269	216
2269	2269
2270	2270
2271	292
2271	317
2271	2271
2271	2381
2271	2991
2272	2272
2272	2443
2273	230
2273	908
2273	977
2273	1080
2273	1528
2273	1542
2273	1559
2273	1625
2273	1784
2273	2273
2273	2283
2273	2328
2274	658
2274	2274
2275	850
2275	2275
2276	2276
2277	2277
2278	2278
2279	2251
2279	2279
2280	2280
2281	2281
2282	2282
2283	452
2283	2273
2283	2283
2283	2497
2284	2284
2285	2285
2286	1353
2286	2286
2287	2287
2288	2288
2289	94
2289	213
2289	2289
2290	2142
2290	2290
2291	2291
2292	2292
2293	2151
2293	2293
2293	2458
2294	2294
2295	2295
2296	2296
2297	2297
2298	2298
2299	1671
2299	1900
2299	2178
2299	2299
2300	2300
2301	304
2301	1053
2301	2252
2301	2301
2301	2662
2302	64
2302	2302
2303	2303
2304	2304
2304	2414
2305	1277
2305	2305
2306	2306
2307	2307
2308	2308
2309	2309
2310	2310
2311	2311
2312	2312
2313	1016
2313	2313
2314	2314
2315	2315
2316	2316
2317	2317
2318	2318
2319	2319
2320	2320
2321	2321
2322	2322
2323	2323
2324	1966
2324	2324
2324	2338
2324	2626
2325	2325
2326	790
2326	2326
2327	2327
2328	2273
2328	2328
2329	1657
2329	2329
2330	2330
2331	2331
2332	2332
2333	2333
2334	2334
2335	975
2335	2335
2336	325
2336	1474
2336	2336
2337	2337
2338	331
2338	2324
2338	2338
2339	33
2339	1196
2339	1947
2339	2339
2340	1433
2340	2340
2340	2750
2341	2341
2342	2342
2342	2404
2342	2857
2343	1542
2343	2343
2344	2344
2345	2345
2346	2346
2347	2347
2348	50
2348	213
2348	2348
2348	2373
2348	2767
2349	929
2349	1046
2349	1868
2349	2349
2350	2350
2351	2351
2352	895
2352	2352
2353	2089
2353	2353
2354	2354
2355	2355
2356	2356
2357	2357
2358	57
2358	557
2358	1205
2358	2358
2359	2150
2359	2359
2360	2360
2361	2361
2361	2941
2362	1496
2362	2258
2362	2362
2362	2653
2362	2863
2363	2363
2364	2364
2365	2365
2366	2366
2367	2367
2368	2368
2369	2369
2370	2370
2371	2371
2372	2372
2373	203
2373	2120
2373	2348
2373	2373
2374	2374
2374	2684
2374	2771
2374	2918
2375	2375
2376	2376
2377	1563
2377	2377
2378	2378
2379	2379
2380	2380
2381	52
2381	873
2381	928
2381	2271
2381	2381
2381	2998
2382	568
2382	2382
2382	2671
2383	763
2383	1788
2383	2383
2384	133
2384	448
2384	1222
2384	1311
2384	2384
2384	2785
2385	2385
2385	2898
2386	399
2386	1145
2386	2255
2386	2386
2387	2387
2388	2388
2389	2389
2390	2390
2391	2391
2392	2392
2393	2393
2394	2164
2394	2394
2395	2395
2396	2396
2397	2397
2398	2398
2399	2399
2400	2400
2401	627
2401	2401
2401	2696
2401	2970
2402	2402
2403	2403
2404	2342
2404	2404
2405	39
2405	2405
2406	1981
2406	2406
2407	2407
2408	1630
2408	2408
2409	2409
2410	937
2410	2410
2411	309
2411	411
2411	2411
2412	247
2412	2412
2413	302
2413	438
2413	1073
2413	1321
2413	1615
2413	2074
2413	2099
2413	2170
2413	2413
2413	2681
2414	54
2414	216
2414	2304
2414	2414
2415	2415
2416	2416
2417	1480
2417	2417
2418	2418
2419	2419
2420	12
2420	2420
2421	1114
2421	2421
2422	2422
2423	2423
2424	2424
2425	1542
2425	2425
2426	2426
2427	2427
2427	2777
2428	2428
2429	2429
2430	326
2430	475
2430	614
2430	637
2430	1060
2430	1599
2430	2067
2430	2430
2430	2661
2430	2834
2430	2976
2431	1474
2431	2431
2432	2432
2433	213
2433	337
2433	554
2433	2433
2434	1682
2434	2434
2435	2435
2436	2436
2437	2437
2438	1854
2438	2438
2439	2439
2440	1765
2440	2440
2441	109
2441	2441
2442	2442
2443	209
2443	340
2443	2272
2443	2443
2443	2457
2444	2444
2445	469
2445	2445
2446	2446
2447	2447
2448	1834
2448	2448
2448	2963
2449	144
2449	759
2449	1547
2449	1861
2449	2449
2449	2613
2450	2450
2451	2451
2452	2187
2452	2452
2453	2453
2454	2454
2455	2455
2456	2456
2457	2443
2457	2457
2457	2785
2458	101
2458	133
2458	231
2458	330
2458	713
2458	1216
2458	1304
2458	1391
2458	1528
2458	2050
2458	2117
2458	2293
2458	2458
2458	2775
2458	2976
2459	2459
2460	2460
2461	2461
2462	1826
2462	1985
2462	2462
2462	2603
2463	160
2463	930
2463	1880
2463	2206
2463	2463
2464	2464
2465	2465
2466	2466
2467	1163
2467	2467
2468	658
2468	2074
2468	2468
2468	2665
2469	2469
2470	2470
2471	2471
2472	2472
2473	2473
2474	2474
2475	2475
2476	2476
2477	1446
2477	1969
2477	2477
2478	1174
2478	2478
2479	2479
2480	2480
2481	162
2481	2481
2482	2482
2482	2648
2483	2483
2484	2484
2485	2485
2485	2767
2485	2878
2486	1854
2486	1955
2486	1969
2486	2486
2487	2487
2488	2488
2489	1393
2489	2489
2490	2490
2491	1585
2491	2491
2492	2492
2493	1443
2493	2001
2493	2493
2494	2494
2495	2231
2495	2495
2496	2496
2497	412
2497	1288
2497	1435
2497	2283
2497	2497
2498	2498
2498	2578
2499	2499
2499	2725
2500	2500
2500	2984
2501	1196
2501	2501
2502	2502
2503	2503
2504	2504
2505	774
2505	1411
2505	2505
2505	2723
2506	2506
2507	2507
2508	2508
2509	2509
2510	1784
2510	2510
2511	2511
2512	981
2512	2512
2513	309
2513	2513
2514	2514
2515	2515
2516	2516
2517	2517
2518	2518
2519	2519
2520	2520
2521	277
2521	2521
2522	2522
2523	2523
2524	929
2524	2524
2525	2525
2526	2526
2527	2527
2528	2528
2529	440
2529	2529
2530	876
2530	1065
2530	2530
2531	475
2531	1719
2531	1900
2531	2206
2531	2531
2532	493
2532	2532
2533	2533
2534	2534
2535	186
2535	2188
2535	2535
2535	2930
2536	2536
2537	182
2537	782
2537	840
2537	1081
2537	1111
2537	1145
2537	1525
2537	1989
2537	2206
2537	2537
2537	2681
2538	2538
2539	2539
2540	364
2540	554
2540	2540
2541	2541
2542	2542
2542	2693
2543	2543
2544	1261
2544	2544
2545	2545
2546	2546
2547	2547
2548	2548
2549	171
2549	2549
2550	733
2550	2550
2551	2551
2552	2552
2553	2553
2554	266
2554	2554
2555	113
2555	2555
2556	1343
2556	1421
2556	2556
2556	2739
2557	2557
2558	2558
2559	683
2559	1206
2559	2559
2560	2560
2561	2561
2562	1911
2562	2562
2563	2563
2564	2564
2565	1722
2565	2565
2566	213
2566	1725
2566	2027
2566	2566
2567	2567
2568	2568
2569	370
2569	1768
2569	2569
2570	907
2570	2570
2571	2571
2572	2572
2573	2573
2574	166
2574	2574
2575	2575
2576	2576
2577	2577
2577	2715
2578	2498
2578	2578
2578	2955
2579	1585
2579	2579
2580	1989
2580	2580
2580	2801
2581	2581
2582	2582
2583	2583
2584	2584
2585	814
2585	2585
2586	2586
2587	2587
2588	2588
2589	1605
2589	2589
2590	2590
2591	2591
2592	2592
2593	2134
2593	2593
2594	2594
2595	2163
2595	2595
2596	370
2596	1349
2596	2596
2597	2597
2598	1753
2598	2598
2599	2599
2600	2600
2601	109
2601	708
2601	841
2601	2601
2602	2602
2603	309
2603	1682
2603	2462
2603	2603
2604	2604
2605	2605
2606	1780
2606	2606
2607	2607
2608	2608
2609	62
2609	1016
2609	1500
2609	2103
2609	2609
2610	2610
2611	2611
2612	2612
2612	2956
2613	326
2613	583
2613	1900
2613	2449
2613	2613
2614	719
2614	2614
2615	1641
2615	2615
2616	2251
2616	2616
2617	2617
2618	2618
2619	1964
2619	2619
2620	2620
2621	162
2621	2621
2622	2622
2623	2623
2624	2624
2625	171
2625	1331
2625	1393
2625	2625
2625	2877
2625	2935
2626	2324
2626	2626
2627	1111
2627	2627
2628	2628
2629	2629
2630	2630
2631	2631
2632	2632
2633	2633
2634	2634
2635	2635
2636	1104
2636	2636
2637	1935
2637	2637
2638	2638
2639	700
2639	2639
2640	2640
2641	2641
2642	2642
2643	2643
2644	2209
2644	2644
2645	2645
2646	2646
2647	2647
2648	613
2648	866
2648	2482
2648	2648
2649	1578
2649	2649
2650	322
2650	1405
2650	1855
2650	2650
2650	2800
2651	4
2651	162
2651	1755
2651	2651
2652	2652
2653	2362
2653	2653
2654	2654
2655	2655
2656	2656
2657	2657
2658	2658
2659	2659
2660	2660
2661	607
2661	968
2661	1293
2661	2430
2661	2661
2662	1488
2662	1630
2662	1900
2662	1946
2662	2301
2662	2662
2662	2773
2663	2663
2664	938
2664	2664
2665	1344
2665	2468
2665	2665
2666	2666
2667	944
2667	2667
2668	2668
2669	2669
2670	290
2670	2670
2671	322
2671	568
2671	728
2671	1158
2671	1578
2671	2382
2671	2671
2672	2672
2673	2673
2674	700
2674	1422
2674	1889
2674	2674
2674	2966
2674	2976
2675	2675
2675	2998
2676	2676
2677	2677
2678	2678
2679	517
2679	2679
2680	1637
2680	2680
2681	1118
2681	1145
2681	1240
2681	2102
2681	2413
2681	2537
2681	2681
2682	2682
2683	2683
2684	475
2684	2374
2684	2684
2685	2685
2686	2686
2687	2687
2688	2688
2689	2689
2690	2690
2691	960
2691	2691
2692	2692
2693	1900
2693	2542
2693	2693
2693	2814
2694	2694
2695	2695
2696	2401
2696	2696
2697	2697
2698	2698
2699	2699
2700	2700
2701	2701
2702	2702
2703	2703
2704	2704
2705	2705
2706	2706
2707	2707
2708	2708
2709	2709
2710	2710
2711	1320
2711	2711
2712	573
2712	1428
2712	2712
2713	2713
2714	2714
2715	767
2715	2577
2715	2715
2716	2716
2717	2717
2718	2718
2719	1852
2719	2719
2720	2720
2721	2721
2722	1321
2722	2722
2723	2505
2723	2723
2724	2724
2725	977
2725	2499
2725	2725
2725	2729
2726	2726
2727	2727
2728	1571
2728	2728
2729	93
2729	841
2729	875
2729	977
2729	1680
2729	2725
2729	2729
2730	2730
2731	2731
2732	2732
2733	2733
2734	1105
2734	2734
2735	2735
2736	2736
2737	2737
2738	228
2738	2738
2739	2556
2739	2739
2739	2801
2740	2740
2741	2741
2742	2742
2743	2743
2744	2744
2745	1431
2745	2745
2746	147
2746	2746
2746	2878
2747	2747
2748	2748
2749	2749
2750	2340
2750	2750
2751	2751
2752	2752
2753	2753
2754	208
2754	1428
2754	2231
2754	2754
2755	88
2755	617
2755	2755
2756	2756
2756	2839
2757	2757
2758	2758
2759	2759
2760	2760
2761	1738
2761	2034
2761	2761
2762	2762
2763	1924
2763	2763
2763	2801
2764	1822
2764	2764
2765	88
2765	302
2765	1938
2765	2074
2765	2141
2765	2765
2766	2766
2767	12
2767	52
2767	67
2767	247
2767	309
2767	367
2767	856
2767	1606
2767	1831
2767	1900
2767	1904
2767	1909
2767	2103
2767	2348
2767	2485
2767	2767
2768	2768
2769	2769
2770	2770
2771	1637
2771	1769
2771	2374
2771	2771
2772	2772
2772	2957
2773	2662
2773	2773
2774	2774
2775	2458
2775	2775
2776	2776
2777	599
2777	1503
2777	2427
2777	2777
2778	2778
2779	2779
2780	756
2780	2780
2781	2781
2782	2782
2783	1196
2783	2783
2784	2784
2785	147
2785	258
2785	364
2785	1376
2785	2063
2785	2384
2785	2457
2785	2785
2786	1637
2786	2786
2787	2787
2788	2788
2789	2789
2790	672
2790	1046
2790	1868
2790	2206
2790	2790
2791	1150
2791	2791
2792	2792
2793	2793
2794	2794
2795	1665
2795	2795
2796	1461
2796	2796
2797	2797
2798	2798
2799	2046
2799	2799
2800	1405
2800	1855
2800	2650
2800	2800
2801	37
2801	231
2801	469
2801	687
2801	1201
2801	1304
2801	1525
2801	2136
2801	2249
2801	2252
2801	2258
2801	2580
2801	2739
2801	2763
2801	2801
2801	2834
2801	2917
2802	2802
2803	2803
2804	2804
2805	2805
2806	2806
2807	2807
2808	2808
2809	2809
2810	2810
2811	2811
2812	2812
2813	2813
2814	1474
2814	2693
2814	2814
2815	2815
2816	2816
2817	1378
2817	2817
2818	1234
2818	1604
2818	2818
2819	2819
2820	2820
2821	2821
2822	1735
2822	2822
2823	2823
2824	1707
2824	2824
2825	2825
2826	2826
2827	2827
2828	2828
2829	448
2829	2829
2830	2830
2831	2831
2832	2832
2833	326
2833	2833
2834	52
2834	149
2834	162
2834	351
2834	1178
2834	1520
2834	1571
2834	2103
2834	2124
2834	2430
2834	2801
2834	2834
2835	2835
2836	28
2836	1124
2836	2836
2837	2837
2838	105
2838	1147
2838	1285
2838	2838
2839	134
2839	543
2839	1415
2839	2170
2839	2257
2839	2756
2839	2839
2839	2971
2840	2840
2841	2841
2842	2842
2843	2843
2843	2847
2844	994
2844	2844
2845	2845
2846	2846
2847	193
2847	223
2847	2843
2847	2847
2848	940
2848	2848
2849	2849
2850	2850
2851	2851
2852	1863
2852	2852
2853	309
2853	648
2853	2853
2854	2854
2855	2855
2856	2856
2857	364
2857	2342
2857	2857
2858	2858
2859	2859
2860	2860
2861	2861
2862	1599
2862	2862
2863	35
2863	367
2863	1471
2863	1633
2863	1909
2863	2103
2863	2362
2863	2863
2864	54
2864	1435
2864	1630
2864	2864
2865	215
2865	2865
2866	2866
2867	2867
2868	2868
2869	2869
2870	2870
2871	2871
2872	2872
2873	2873
2874	2874
2875	1145
2875	2875
2876	2876
2877	388
2877	476
2877	2625
2877	2877
2877	2881
2878	231
2878	2485
2878	2746
2878	2878
2878	2914
2879	2879
2880	2880
2881	107
2881	109
2881	144
2881	476
2881	1945
2881	2877
2881	2881
2881	2936
2882	2882
2883	2883
2884	2884
2885	2885
2886	2886
2887	2887
2888	2888
2889	32
2889	348
2889	391
2889	987
2889	2889
2890	2890
2891	1630
2891	2142
2891	2891
2892	2892
2893	88
2893	1722
2893	2893
2894	2894
2895	2895
2896	2896
2897	2897
2898	411
2898	536
2898	744
2898	1414
2898	2385
2898	2898
2899	2899
2900	2900
2901	2901
2902	2902
2903	1395
2903	1486
2903	2903
2904	2904
2905	2905
2906	1643
2906	2906
2907	2907
2908	2908
2909	2909
2910	2910
2911	1531
2911	2911
2912	2912
2913	2913
2914	469
2914	814
2914	822
2914	1421
2914	2102
2914	2878
2914	2914
2915	77
2915	2915
2916	2916
2917	2801
2917	2917
2918	2374
2918	2918
2919	2919
2920	2920
2921	2921
2922	1774
2922	2922
2923	2923
2924	2924
2925	2925
2926	2926
2927	2927
2928	2928
2929	2929
2930	2535
2930	2930
2931	1259
2931	2931
2932	367
2932	1969
2932	2120
2932	2932
2933	2933
2934	2934
2935	2625
2935	2935
2936	2881
2936	2936
2937	2937
2938	4
2938	2938
2939	2939
2940	2940
2941	2361
2941	2941
2942	2942
2943	1062
2943	1150
2943	2943
2944	2070
2944	2944
2945	2945
2946	2946
2947	2947
2948	2948
2949	2949
2950	2950
2951	2206
2951	2951
2952	752
2952	2952
2953	322
2953	2129
2953	2953
2954	2954
2955	412
2955	993
2955	1973
2955	2206
2955	2578
2955	2955
2956	2612
2956	2956
2957	2772
2957	2957
2958	2958
2959	2959
2960	2960
2961	676
2961	2961
2962	2962
2963	92
2963	232
2963	509
2963	583
2963	1518
2963	2027
2963	2448
2963	2963
2964	2964
2965	259
2965	2965
2966	2674
2966	2966
2967	2967
2968	658
2968	973
2968	2968
2969	2969
2970	2401
2970	2970
2971	67
2971	987
2971	1357
2971	1612
2971	2839
2971	2971
2972	2128
2972	2255
2972	2972
2973	1536
2973	2973
2974	2974
2975	2975
2976	183
2976	554
2976	700
2976	1009
2976	1376
2976	2142
2976	2430
2976	2458
2976	2674
2976	2976
2977	309
2977	981
2977	2977
2978	2978
2979	2979
2980	2980
2981	2981
2982	2982
2983	1541
2983	2983
2984	2500
2984	2984
2985	2985
2986	2986
2987	2987
2988	2988
2989	345
2989	1452
2989	2989
2990	876
2990	2990
2991	2271
2991	2991
2992	2992
2993	2993
2994	2994
2995	2995
2996	2996
2997	2997
2998	1260
2998	2381
2998	2675
2998	2998
2999	2999
